11670 11691 11722 11697 11674 11637 11671 11755 11731 11787 11837 11825 11822 11871 11980 11977 11985 11989 11823 11891 12040 12041 12062 12092 12161 12233 12239 12229 12273 12268 12226
11691 11722 11697 11674 11637 11671 11755 11731 11787 11837 11825 11822 11871 11980 11977 11985 11989 11823 11891 12040 12041 12062 12092 12161 12233 12239 12229 12273 12268 12226 12288
11722 11697 11674 11637 11671 11755 11731 11787 11837 11825 11822 11871 11980 11977 11985 11989 11823 11891 12040 12041 12062 12092 12161 12233 12239 12229 12273 12268 12226 12288 12318
11697 11674 11637 11671 11755 11731 11787 11837 11825 11822 11871 11980 11977 11985 11989 11823 11891 12040 12041 12062 12092 12161 12233 12239 12229 12273 12268 12226 12288 12318 12391
11674 11637 11671 11755 11731 11787 11837 11825 11822 11871 11980 11977 11985 11989 11823 11891 12040 12041 12062 12092 12161 12233 12239 12229 12273 12268 12226 12288 12318 12391 12212
11637 11671 11755 11731 11787 11837 11825 11822 11871 11980 11977 11985 11989 11823 11891 12040 12041 12062 12092 12161 12233 12239 12229 12273 12268 12226 12288 12318 12391 12212 12105
11671 11755 11731 11787 11837 11825 11822 11871 11980 11977 11985 11989 11823 11891 12040 12041 12062 12092 12161 12233 12239 12229 12273 12268 12226 12288 12318 12391 12212 12105 12068
11755 11731 11787 11837 11825 11822 11871 11980 11977 11985 11989 11823 11891 12040 12041 12062 12092 12161 12233 12239 12229 12273 12268 12226 12288 12318 12391 12212 12105 12068 12130
11731 11787 11837 11825 11822 11871 11980 11977 11985 11989 11823 11891 12040 12041 12062 12092 12161 12233 12239 12229 12273 12268 12226 12288 12318 12391 12212 12105 12068 12130 12226
11787 11837 11825 11822 11871 11980 11977 11985 11989 11823 11891 12040 12041 12062 12092 12161 12233 12239 12229 12273 12268 12226 12288 12318 12391 12212 12105 12068 12130 12226 12058
11837 11825 11822 11871 11980 11977 11985 11989 11823 11891 12040 12041 12062 12092 12161 12233 12239 12229 12273 12268 12226 12288 12318 12391 12212 12105 12068 12130 12226 12058 12066
11825 11822 11871 11980 11977 11985 11989 11823 11891 12040 12041 12062 12092 12161 12233 12239 12229 12273 12268 12226 12288 12318 12391 12212 12105 12068 12130 12226 12058 12066 12258
11822 11871 11980 11977 11985 11989 11823 11891 12040 12041 12062 12092 12161 12233 12239 12229 12273 12268 12226 12288 12318 12391 12212 12105 12068 12130 12226 12058 12066 12258 12169
11871 11980 11977 11985 11989 11823 11891 12040 12041 12062 12092 12161 12233 12239 12229 12273 12268 12226 12288 12318 12391 12212 12105 12068 12130 12226 12058 12066 12258 12169 12090
11980 11977 11985 11989 11823 11891 12040 12041 12062 12092 12161 12233 12239 12229 12273 12268 12226 12288 12318 12391 12212 12105 12068 12130 12226 12058 12066 12258 12169 12090 12214
11977 11985 11989 11823 11891 12040 12041 12062 12092 12161 12233 12239 12229 12273 12268 12226 12288 12318 12391 12212 12105 12068 12130 12226 12058 12066 12258 12169 12090 12214 12213
11985 11989 11823 11891 12040 12041 12062 12092 12161 12233 12239 12229 12273 12268 12226 12288 12318 12391 12212 12105 12068 12130 12226 12058 12066 12258 12169 12090 12214 12213 11984
11989 11823 11891 12040 12041 12062 12092 12161 12233 12239 12229 12273 12268 12226 12288 12318 12391 12212 12105 12068 12130 12226 12058 12066 12258 12169 12090 12214 12213 11984 12044
11823 11891 12040 12041 12062 12092 12161 12233 12239 12229 12273 12268 12226 12288 12318 12391 12212 12105 12068 12130 12226 12058 12066 12258 12169 12090 12214 12213 11984 12044 11993
11891 12040 12041 12062 12092 12161 12233 12239 12229 12273 12268 12226 12288 12318 12391 12212 12105 12068 12130 12226 12058 12066 12258 12169 12090 12214 12213 11984 12044 11993 11855
12040 12041 12062 12092 12161 12233 12239 12229 12273 12268 12226 12288 12318 12391 12212 12105 12068 12130 12226 12058 12066 12258 12169 12090 12214 12213 11984 12044 11993 11855 11613
12041 12062 12092 12161 12233 12239 12229 12273 12268 12226 12288 12318 12391 12212 12105 12068 12130 12226 12058 12066 12258 12169 12090 12214 12213 11984 12044 11993 11855 11613 11774
12062 12092 12161 12233 12239 12229 12273 12268 12226 12288 12318 12391 12212 12105 12068 12130 12226 12058 12066 12258 12169 12090 12214 12213 11984 12044 11993 11855 11613 11774 11858
12092 12161 12233 12239 12229 12273 12268 12226 12288 12318 12391 12212 12105 12068 12130 12226 12058 12066 12258 12169 12090 12214 12213 11984 12044 11993 11855 11613 11774 11858 12036
12161 12233 12239 12229 12273 12268 12226 12288 12318 12391 12212 12105 12068 12130 12226 12058 12066 12258 12169 12090 12214 12213 11984 12044 11993 11855 11613 11774 11858 12036 12018
12233 12239 12229 12273 12268 12226 12288 12318 12391 12212 12105 12068 12130 12226 12058 12066 12258 12169 12090 12214 12213 11984 12044 11993 11855 11613 11774 11858 12036 12018 12086
12239 12229 12273 12268 12226 12288 12318 12391 12212 12105 12068 12130 12226 12058 12066 12258 12169 12090 12214 12213 11984 12044 11993 11855 11613 11774 11858 12036 12018 12086 12170
12229 12273 12268 12226 12288 12318 12391 12212 12105 12068 12130 12226 12058 12066 12258 12169 12090 12214 12213 11984 12044 11993 11855 11613 11774 11858 12036 12018 12086 12170 12220
12273 12268 12226 12288 12318 12391 12212 12105 12068 12130 12226 12058 12066 12258 12169 12090 12214 12213 11984 12044 11993 11855 11613 11774 11858 12036 12018 12086 12170 12220 12197
12268 12226 12288 12318 12391 12212 12105 12068 12130 12226 12058 12066 12258 12169 12090 12214 12213 11984 12044 11993 11855 11613 11774 11858 12036 12018 12086 12170 12220 12197 12279
12226 12288 12318 12391 12212 12105 12068 12130 12226 12058 12066 12258 12169 12090 12214 12213 11984 12044 11993 11855 11613 11774 11858 12036 12018 12086 12170 12220 12197 12279 12350
12288 12318 12391 12212 12105 12068 12130 12226 12058 12066 12258 12169 12090 12214 12213 11984 12044 11993 11855 11613 11774 11858 12036 12018 12086 12170 12220 12197 12279 12350 12319
12318 12391 12212 12105 12068 12130 12226 12058 12066 12258 12169 12090 12214 12213 11984 12044 11993 11855 11613 11774 11858 12036 12018 12086 12170 12220 12197 12279 12350 12319 12376
12391 12212 12105 12068 12130 12226 12058 12066 12258 12169 12090 12214 12213 11984 12044 11993 11855 11613 11774 11858 12036 12018 12086 12170 12220 12197 12279 12350 12319 12376 12400
12212 12105 12068 12130 12226 12058 12066 12258 12169 12090 12214 12213 11984 12044 11993 11855 11613 11774 11858 12036 12018 12086 12170 12220 12197 12279 12350 12319 12376 12400 12393
12105 12068 12130 12226 12058 12066 12258 12169 12090 12214 12213 11984 12044 11993 11855 11613 11774 11858 12036 12018 12086 12170 12220 12197 12279 12350 12319 12376 12400 12393 12426
12068 12130 12226 12058 12066 12258 12169 12090 12214 12213 11984 12044 11993 11855 11613 11774 11858 12036 12018 12086 12170 12220 12197 12279 12350 12319 12376 12400 12393 12426 12409
12130 12226 12058 12066 12258 12169 12090 12214 12213 11984 12044 11993 11855 11613 11774 11858 12036 12018 12086 12170 12220 12197 12279 12350 12319 12376 12400 12393 12426 12409 12380
12226 12058 12066 12258 12169 12090 12214 12213 11984 12044 11993 11855 11613 11774 11858 12036 12018 12086 12170 12220 12197 12279 12350 12319 12376 12400 12393 12426 12409 12380 12381
12058 12066 12258 12169 12090 12214 12213 11984 12044 11993 11855 11613 11774 11858 12036 12018 12086 12170 12220 12197 12279 12350 12319 12376 12400 12393 12426 12409 12380 12381 12263
12066 12258 12169 12090 12214 12213 11984 12044 11993 11855 11613 11774 11858 12036 12018 12086 12170 12220 12197 12279 12350 12319 12376 12400 12393 12426 12409 12380 12381 12263 12270
12258 12169 12090 12214 12213 11984 12044 11993 11855 11613 11774 11858 12036 12018 12086 12170 12220 12197 12279 12350 12319 12376 12400 12393 12426 12409 12380 12381 12263 12270 12285
12169 12090 12214 12213 11984 12044 11993 11855 11613 11774 11858 12036 12018 12086 12170 12220 12197 12279 12350 12319 12376 12400 12393 12426 12409 12380 12381 12263 12270 12285 12341
12090 12214 12213 11984 12044 11993 11855 11613 11774 11858 12036 12018 12086 12170 12220 12197 12279 12350 12319 12376 12400 12393 12426 12409 12380 12381 12263 12270 12285 12341 12201
12214 12213 11984 12044 11993 11855 11613 11774 11858 12036 12018 12086 12170 12220 12197 12279 12350 12319 12376 12400 12393 12426 12409 12380 12381 12263 12270 12285 12341 12201 12266
12213 11984 12044 11993 11855 11613 11774 11858 12036 12018 12086 12170 12220 12197 12279 12350 12319 12376 12400 12393 12426 12409 12380 12381 12263 12270 12285 12341 12201 12266 12453
11984 12044 11993 11855 11613 11774 11858 12036 12018 12086 12170 12220 12197 12279 12350 12319 12376 12400 12393 12426 12409 12380 12381 12263 12270 12285 12341 12201 12266 12453 12505
12044 11993 11855 11613 11774 11858 12036 12018 12086 12170 12220 12197 12279 12350 12319 12376 12400 12393 12426 12409 12380 12381 12263 12270 12285 12341 12201 12266 12453 12505 12479
11993 11855 11613 11774 11858 12036 12018 12086 12170 12220 12197 12279 12350 12319 12376 12400 12393 12426 12409 12380 12381 12263 12270 12285 12341 12201 12266 12453 12505 12479 12595
11855 11613 11774 11858 12036 12018 12086 12170 12220 12197 12279 12350 12319 12376 12400 12393 12426 12409 12380 12381 12263 12270 12285 12341 12201 12266 12453 12505 12479 12595 12690
11613 11774 11858 12036 12018 12086 12170 12220 12197 12279 12350 12319 12376 12400 12393 12426 12409 12380 12381 12263 12270 12285 12341 12201 12266 12453 12505 12479 12595 12690 12763
11774 11858 12036 12018 12086 12170 12220 12197 12279 12350 12319 12376 12400 12393 12426 12409 12380 12381 12263 12270 12285 12341 12201 12266 12453 12505 12479 12595 12690 12763 12810
11858 12036 12018 12086 12170 12220 12197 12279 12350 12319 12376 12400 12393 12426 12409 12380 12381 12263 12270 12285 12341 12201 12266 12453 12505 12479 12595 12690 12763 12810 12807
12036 12018 12086 12170 12220 12197 12279 12350 12319 12376 12400 12393 12426 12409 12380 12381 12263 12270 12285 12341 12201 12266 12453 12505 12479 12595 12690 12763 12810 12807 12807
12018 12086 12170 12220 12197 12279 12350 12319 12376 12400 12393 12426 12409 12380 12381 12263 12270 12285 12341 12201 12266 12453 12505 12479 12595 12690 12763 12810 12807 12807 12723
12086 12170 12220 12197 12279 12350 12319 12376 12400 12393 12426 12409 12380 12381 12263 12270 12285 12341 12201 12266 12453 12505 12479 12595 12690 12763 12810 12807 12807 12723 12584
12170 12220 12197 12279 12350 12319 12376 12400 12393 12426 12409 12380 12381 12263 12270 12285 12341 12201 12266 12453 12505 12479 12595 12690 12763 12810 12807 12807 12723 12584 12638
12220 12197 12279 12350 12319 12376 12400 12393 12426 12409 12380 12381 12263 12270 12285 12341 12201 12266 12453 12505 12479 12595 12690 12763 12810 12807 12807 12723 12584 12638 12684
12197 12279 12350 12319 12376 12400 12393 12426 12409 12380 12381 12263 12270 12285 12341 12201 12266 12453 12505 12479 12595 12690 12763 12810 12807 12807 12723 12584 12638 12684 12760
12279 12350 12319 12376 12400 12393 12426 12409 12380 12381 12263 12270 12285 12341 12201 12266 12453 12505 12479 12595 12690 12763 12810 12807 12807 12723 12584 12638 12684 12760 12630
12350 12319 12376 12400 12393 12426 12409 12380 12381 12263 12270 12285 12341 12201 12266 12453 12505 12479 12595 12690 12763 12810 12807 12807 12723 12584 12638 12684 12760 12630 12695
12319 12376 12400 12393 12426 12409 12380 12381 12263 12270 12285 12341 12201 12266 12453 12505 12479 12595 12690 12763 12810 12807 12807 12723 12584 12638 12684 12760 12630 12695 12595
12376 12400 12393 12426 12409 12380 12381 12263 12270 12285 12341 12201 12266 12453 12505 12479 12595 12690 12763 12810 12807 12807 12723 12584 12638 12684 12760 12630 12695 12595 12548
12400 12393 12426 12409 12380 12381 12263 12270 12285 12341 12201 12266 12453 12505 12479 12595 12690 12763 12810 12807 12807 12723 12584 12638 12684 12760 12630 12695 12595 12548 12479
12393 12426 12409 12380 12381 12263 12270 12285 12341 12201 12266 12453 12505 12479 12595 12690 12763 12810 12807 12807 12723 12584 12638 12684 12760 12630 12695 12595 12548 12479 12560
12426 12409 12380 12381 12263 12270 12285 12341 12201 12266 12453 12505 12479 12595 12690 12763 12810 12807 12807 12723 12584 12638 12684 12760 12630 12695 12595 12548 12479 12560 12605
12409 12380 12381 12263 12270 12285 12341 12201 12266 12453 12505 12479 12595 12690 12763 12810 12807 12807 12723 12584 12638 12684 12760 12630 12695 12595 12548 12479 12560 12605 12512
12380 12381 12263 12270 12285 12341 12201 12266 12453 12505 12479 12595 12690 12763 12810 12807 12807 12723 12584 12638 12684 12760 12630 12695 12595 12548 12479 12560 12605 12512 12381
12381 12263 12270 12285 12341 12201 12266 12453 12505 12479 12595 12690 12763 12810 12807 12807 12723 12584 12638 12684 12760 12630 12695 12595 12548 12479 12560 12605 12512 12381 12356
12263 12270 12285 12341 12201 12266 12453 12505 12479 12595 12690 12763 12810 12807 12807 12723 12584 12638 12684 12760 12630 12695 12595 12548 12479 12560 12605 12512 12381 12356 12394
12270 12285 12341 12201 12266 12453 12505 12479 12595 12690 12763 12810 12807 12807 12723 12584 12638 12684 12760 12630 12695 12595 12548 12479 12560 12605 12512 12381 12356 12394 12402
12285 12341 12201 12266 12453 12505 12479 12595 12690 12763 12810 12807 12807 12723 12584 12638 12684 12760 12630 12695 12595 12548 12479 12560 12605 12512 12381 12356 12394 12402 12441
12341 12201 12266 12453 12505 12479 12595 12690 12763 12810 12807 12807 12723 12584 12638 12684 12760 12630 12695 12595 12548 12479 12560 12605 12512 12381 12356 12394 12402 12441 12569
12201 12266 12453 12505 12479 12595 12690 12763 12810 12807 12807 12723 12584 12638 12684 12760 12630 12695 12595 12548 12479 12560 12605 12512 12381 12356 12394 12402 12441 12569 12290
12266 12453 12505 12479 12595 12690 12763 12810 12807 12807 12723 12584 12638 12684 12760 12630 12695 12595 12548 12479 12560 12605 12512 12381 12356 12394 12402 12441 12569 12290 12248
12453 12505 12479 12595 12690 12763 12810 12807 12807 12723 12584 12638 12684 12760 12630 12695 12595 12548 12479 12560 12605 12512 12381 12356 12394 12402 12441 12569 12290 12248 12151
12505 12479 12595 12690 12763 12810 12807 12807 12723 12584 12638 12684 12760 12630 12695 12595 12548 12479 12560 12605 12512 12381 12356 12394 12402 12441 12569 12290 12248 12151 12089
12479 12595 12690 12763 12810 12807 12807 12723 12584 12638 12684 12760 12630 12695 12595 12548 12479 12560 12605 12512 12381 12356 12394 12402 12441 12569 12290 12248 12151 12089 12070
12595 12690 12763 12810 12807 12807 12723 12584 12638 12684 12760 12630 12695 12595 12548 12479 12560 12605 12512 12381 12356 12394 12402 12441 12569 12290 12248 12151 12089 12070 12048
12690 12763 12810 12807 12807 12723 12584 12638 12684 12760 12630 12695 12595 12548 12479 12560 12605 12512 12381 12356 12394 12402 12441 12569 12290 12248 12151 12089 12070 12048 12124
12763 12810 12807 12807 12723 12584 12638 12684 12760 12630 12695 12595 12548 12479 12560 12605 12512 12381 12356 12394 12402 12441 12569 12290 12248 12151 12089 12070 12048 12124 11951
12810 12807 12807 12723 12584 12638 12684 12760 12630 12695 12595 12548 12479 12560 12605 12512 12381 12356 12394 12402 12441 12569 12290 12248 12151 12089 12070 12048 12124 11951 11952
12807 12807 12723 12584 12638 12684 12760 12630 12695 12595 12548 12479 12560 12605 12512 12381 12356 12394 12402 12441 12569 12290 12248 12151 12089 12070 12048 12124 11951 11952 12076
12807 12723 12584 12638 12684 12760 12630 12695 12595 12548 12479 12560 12605 12512 12381 12356 12394 12402 12441 12569 12290 12248 12151 12089 12070 12048 12124 11951 11952 12076 11897
12723 12584 12638 12684 12760 12630 12695 12595 12548 12479 12560 12605 12512 12381 12356 12394 12402 12441 12569 12290 12248 12151 12089 12070 12048 12124 11951 11952 12076 11897 11961
12584 12638 12684 12760 12630 12695 12595 12548 12479 12560 12605 12512 12381 12356 12394 12402 12441 12569 12290 12248 12151 12089 12070 12048 12124 11951 11952 12076 11897 11961 12004
12638 12684 12760 12630 12695 12595 12548 12479 12560 12605 12512 12381 12356 12394 12402 12441 12569 12290 12248 12151 12089 12070 12048 12124 11951 11952 12076 11897 11961 12004 12080
12684 12760 12630 12695 12595 12548 12479 12560 12605 12512 12381 12356 12394 12402 12441 12569 12290 12248 12151 12089 12070 12048 12124 11951 11952 12076 11897 11961 12004 12080 12190
12760 12630 12695 12595 12548 12479 12560 12605 12512 12381 12356 12394 12402 12441 12569 12290 12248 12151 12089 12070 12048 12124 11951 11952 12076 11897 11961 12004 12080 12190 12109
12630 12695 12595 12548 12479 12560 12605 12512 12381 12356 12394 12402 12441 12569 12290 12248 12151 12089 12070 12048 12124 11951 11952 12076 11897 11961 12004 12080 12190 12109 12050
12695 12595 12548 12479 12560 12605 12512 12381 12356 12394 12402 12441 12569 12290 12248 12151 12089 12070 12048 12124 11951 11952 12076 11897 11961 12004 12080 12190 12109 12050 11934
12595 12548 12479 12560 12605 12512 12381 12356 12394 12402 12441 12569 12290 12248 12151 12089 12070 12048 12124 11951 11952 12076 11897 11961 12004 12080 12190 12109 12050 11934 12043
12548 12479 12560 12605 12512 12381 12356 12394 12402 12441 12569 12290 12248 12151 12089 12070 12048 12124 11951 11952 12076 11897 11961 12004 12080 12190 12109 12050 11934 12043 12188
12479 12560 12605 12512 12381 12356 12394 12402 12441 12569 12290 12248 12151 12089 12070 12048 12124 11951 11952 12076 11897 11961 12004 12080 12190 12109 12050 11934 12043 12188 12261
12560 12605 12512 12381 12356 12394 12402 12441 12569 12290 12248 12151 12089 12070 12048 12124 11951 11952 12076 11897 11961 12004 12080 12190 12109 12050 11934 12043 12188 12261 12414
12605 12512 12381 12356 12394 12402 12441 12569 12290 12248 12151 12089 12070 12048 12124 11951 11952 12076 11897 11961 12004 12080 12190 12109 12050 11934 12043 12188 12261 12414 12582
12512 12381 12356 12394 12402 12441 12569 12290 12248 12151 12089 12070 12048 12124 11951 11952 12076 11897 11961 12004 12080 12190 12109 12050 11934 12043 12188 12261 12414 12582 12569
12381 12356 12394 12402 12441 12569 12290 12248 12151 12089 12070 12048 12124 11951 11952 12076 11897 11961 12004 12080 12190 12109 12050 11934 12043 12188 12261 12414 12582 12569 12626
12356 12394 12402 12441 12569 12290 12248 12151 12089 12070 12048 12124 11951 11952 12076 11897 11961 12004 12080 12190 12109 12050 11934 12043 12188 12261 12414 12582 12569 12626 12719
12394 12402 12441 12569 12290 12248 12151 12089 12070 12048 12124 11951 11952 12076 11897 11961 12004 12080 12190 12109 12050 11934 12043 12188 12261 12414 12582 12569 12626 12719 12657
12402 12441 12569 12290 12248 12151 12089 12070 12048 12124 11951 11952 12076 11897 11961 12004 12080 12190 12109 12050 11934 12043 12188 12261 12414 12582 12569 12626 12719 12657 12505
12441 12569 12290 12248 12151 12089 12070 12048 12124 11951 11952 12076 11897 11961 12004 12080 12190 12109 12050 11934 12043 12188 12261 12414 12582 12569 12626 12719 12657 12505 12446
12569 12290 12248 12151 12089 12070 12048 12124 11951 11952 12076 11897 11961 12004 12080 12190 12109 12050 11934 12043 12188 12261 12414 12582 12569 12626 12719 12657 12505 12446 12491
12290 12248 12151 12089 12070 12048 12124 11951 11952 12076 11897 11961 12004 12080 12190 12109 12050 11934 12043 12188 12261 12414 12582 12569 12626 12719 12657 12505 12446 12491 12437
12248 12151 12089 12070 12048 12124 11951 11952 12076 11897 11961 12004 12080 12190 12109 12050 11934 12043 12188 12261 12414 12582 12569 12626 12719 12657 12505 12446 12491 12437 12479
12151 12089 12070 12048 12124 11951 11952 12076 11897 11961 12004 12080 12190 12109 12050 11934 12043 12188 12261 12414 12582 12569 12626 12719 12657 12505 12446 12491 12437 12479 12385
12089 12070 12048 12124 11951 11952 12076 11897 11961 12004 12080 12190 12109 12050 11934 12043 12188 12261 12414 12582 12569 12626 12719 12657 12505 12446 12491 12437 12479 12385 12587
12070 12048 12124 11951 11952 12076 11897 11961 12004 12080 12190 12109 12050 11934 12043 12188 12261 12414 12582 12569 12626 12719 12657 12505 12446 12491 12437 12479 12385 12587 12571
12048 12124 11951 11952 12076 11897 11961 12004 12080 12190 12109 12050 11934 12043 12188 12261 12414 12582 12569 12626 12719 12657 12505 12446 12491 12437 12479 12385 12587 12571 12724
12124 11951 11952 12076 11897 11961 12004 12080 12190 12109 12050 11934 12043 12188 12261 12414 12582 12569 12626 12719 12657 12505 12446 12491 12437 12479 12385 12587 12571 12724 12681
11951 11952 12076 11897 11961 12004 12080 12190 12109 12050 11934 12043 12188 12261 12414 12582 12569 12626 12719 12657 12505 12446 12491 12437 12479 12385 12587 12571 12724 12681 12592
11952 12076 11897 11961 12004 12080 12190 12109 12050 11934 12043 12188 12261 12414 12582 12569 12626 12719 12657 12505 12446 12491 12437 12479 12385 12587 12571 12724 12681 12592 12501
12076 11897 11961 12004 12080 12190 12109 12050 11934 12043 12188 12261 12414 12582 12569 12626 12719 12657 12505 12446 12491 12437 12479 12385 12587 12571 12724 12681 12592 12501 12302
11897 11961 12004 12080 12190 12109 12050 11934 12043 12188 12261 12414 12582 12569 12626 12719 12657 12505 12446 12491 12437 12479 12385 12587 12571 12724 12681 12592 12501 12302 12240
11961 12004 12080 12190 12109 12050 11934 12043 12188 12261 12414 12582 12569 12626 12719 12657 12505 12446 12491 12437 12479 12385 12587 12571 12724 12681 12592 12501 12302 12240 12143
12004 12080 12190 12109 12050 11934 12043 12188 12261 12414 12582 12569 12626 12719 12657 12505 12446 12491 12437 12479 12385 12587 12571 12724 12681 12592 12501 12302 12240 12143 12132
12080 12190 12109 12050 11934 12043 12188 12261 12414 12582 12569 12626 12719 12657 12505 12446 12491 12437 12479 12385 12587 12571 12724 12681 12592 12501 12302 12240 12143 12132 11866
12190 12109 12050 11934 12043 12188 12261 12414 12582 12569 12626 12719 12657 12505 12446 12491 12437 12479 12385 12587 12571 12724 12681 12592 12501 12302 12240 12143 12132 11866 11896
12109 12050 11934 12043 12188 12261 12414 12582 12569 12626 12719 12657 12505 12446 12491 12437 12479 12385 12587 12571 12724 12681 12592 12501 12302 12240 12143 12132 11866 11896 11383
12050 11934 12043 12188 12261 12414 12582 12569 12626 12719 12657 12505 12446 12491 12437 12479 12385 12587 12571 12724 12681 12592 12501 12302 12240 12143 12132 11866 11896 11383 11444
11934 12043 12188 12261 12414 12582 12569 12626 12719 12657 12505 12446 12491 12437 12479 12385 12587 12571 12724 12681 12592 12501 12302 12240 12143 12132 11866 11896 11383 11444 10809
12043 12188 12261 12414 12582 12569 12626 12719 12657 12505 12446 12491 12437 12479 12385 12587 12571 12724 12681 12592 12501 12302 12240 12143 12132 11866 11896 11383 11444 10809 11239
12188 12261 12414 12582 12569 12626 12719 12657 12505 12446 12491 12437 12479 12385 12587 12571 12724 12681 12592 12501 12302 12240 12143 12132 11866 11896 11383 11444 10809 11239 10719
12261 12414 12582 12569 12626 12719 12657 12505 12446 12491 12437 12479 12385 12587 12571 12724 12681 12592 12501 12302 12240 12143 12132 11866 11896 11383 11444 10809 11239 10719 11143
12414 12582 12569 12626 12719 12657 12505 12446 12491 12437 12479 12385 12587 12571 12724 12681 12592 12501 12302 12240 12143 12132 11866 11896 11383 11444 10809 11239 10719 11143 11269
12582 12569 12626 12719 12657 12505 12446 12491 12437 12479 12385 12587 12571 12724 12681 12592 12501 12302 12240 12143 12132 11866 11896 11383 11444 10809 11239 10719 11143 11269 11482
12569 12626 12719 12657 12505 12446 12491 12437 12479 12385 12587 12571 12724 12681 12592 12501 12302 12240 12143 12132 11866 11896 11383 11444 10809 11239 10719 11143 11269 11482 11405
12626 12719 12657 12505 12446 12491 12437 12479 12385 12587 12571 12724 12681 12592 12501 12302 12240 12143 12132 11866 11896 11383 11444 10809 11239 10719 11143 11269 11482 11405 11410
12719 12657 12505 12446 12491 12437 12479 12385 12587 12571 12724 12681 12592 12501 12302 12240 12143 12132 11866 11896 11383 11444 10809 11239 10719 11143 11269 11482 11405 11410 10990
12657 12505 12446 12491 12437 12479 12385 12587 12571 12724 12681 12592 12501 12302 12240 12143 12132 11866 11896 11383 11444 10809 11239 10719 11143 11269 11482 11405 11410 10990 10817
12505 12446 12491 12437 12479 12385 12587 12571 12724 12681 12592 12501 12302 12240 12143 12132 11866 11896 11383 11444 10809 11239 10719 11143 11269 11482 11405 11410 10990 10817 10854
12446 12491 12437 12479 12385 12587 12571 12724 12681 12592 12501 12302 12240 12143 12132 11866 11896 11383 11444 10809 11239 10719 11143 11269 11482 11405 11410 10990 10817 10854 11176
12491 12437 12479 12385 12587 12571 12724 12681 12592 12501 12302 12240 12143 12132 11866 11896 11383 11444 10809 11239 10719 11143 11269 11482 11405 11410 10990 10817 10854 11176 11320
12437 12479 12385 12587 12571 12724 12681 12592 12501 12302 12240 12143 12132 11866 11896 11383 11444 10809 11239 10719 11143 11269 11482 11405 11410 10990 10817 10854 11176 11320 11149
12479 12385 12587 12571 12724 12681 12592 12501 12302 12240 12143 12132 11866 11896 11383 11444 10809 11239 10719 11143 11269 11482 11405 11410 10990 10817 10854 11176 11320 11149 11284
12385 12587 12571 12724 12681 12592 12501 12302 12240 12143 12132 11866 11896 11383 11444 10809 11239 10719 11143 11269 11482 11405 11410 10990 10817 10854 11176 11320 11149 11284 11539
12587 12571 12724 12681 12592 12501 12302 12240 12143 12132 11866 11896 11383 11444 10809 11239 10719 11143 11269 11482 11405 11410 10990 10817 10854 11176 11320 11149 11284 11539 11559
12571 12724 12681 12592 12501 12302 12240 12143 12132 11866 11896 11383 11444 10809 11239 10719 11143 11269 11482 11405 11410 10990 10817 10854 11176 11320 11149 11284 11539 11559 11613
12724 12681 12592 12501 12302 12240 12143 12132 11866 11896 11383 11444 10809 11239 10719 11143 11269 11482 11405 11410 10990 10817 10854 11176 11320 11149 11284 11539 11559 11613 11493
12681 12592 12501 12302 12240 12143 12132 11866 11896 11383 11444 10809 11239 10719 11143 11269 11482 11405 11410 10990 10817 10854 11176 11320 11149 11284 11539 11559 11613 11493 11240
12592 12501 12302 12240 12143 12132 11866 11896 11383 11444 10809 11239 10719 11143 11269 11482 11405 11410 10990 10817 10854 11176 11320 11149 11284 11539 11559 11613 11493 11240 11139
12501 12302 12240 12143 12132 11866 11896 11383 11444 10809 11239 10719 11143 11269 11482 11405 11410 10990 10817 10854 11176 11320 11149 11284 11539 11559 11613 11493 11240 11139 11414
12302 12240 12143 12132 11866 11896 11383 11444 10809 11239 10719 11143 11269 11482 11405 11410 10990 10817 10854 11176 11320 11149 11284 11539 11559 11613 11493 11240 11139 11414 11295
12240 12143 12132 11866 11896 11383 11444 10809 11239 10719 11143 11269 11482 11405 11410 10990 10817 10854 11176 11320 11149 11284 11539 11559 11613 11493 11240 11139 11414 11295 10992
12143 12132 11866 11896 11383 11444 10809 11239 10719 11143 11269 11482 11405 11410 10990 10817 10854 11176 11320 11149 11284 11539 11559 11613 11493 11240 11139 11414 11295 10992 11061
12132 11866 11896 11383 11444 10809 11239 10719 11143 11269 11482 11405 11410 10990 10817 10854 11176 11320 11149 11284 11539 11559 11613 11493 11240 11139 11414 11295 10992 11061 11105
11866 11896 11383 11444 10809 11239 10719 11143 11269 11482 11405 11410 10990 10817 10854 11176 11320 11149 11284 11539 11559 11613 11493 11240 11139 11414 11295 10992 11061 11105 11246
11896 11383 11444 10809 11239 10719 11143 11269 11482 11405 11410 10990 10817 10854 11176 11320 11149 11284 11539 11559 11613 11493 11240 11139 11414 11295 10992 11061 11105 11246 11433
11383 11444 10809 11239 10719 11143 11269 11482 11405 11410 10990 10817 10854 11176 11320 11149 11284 11539 11559 11613 11493 11240 11139 11414 11295 10992 11061 11105 11246 11433 11509
11444 10809 11239 10719 11143 11269 11482 11405 11410 10990 10817 10854 11176 11320 11149 11284 11539 11559 11613 11493 11240 11139 11414 11295 10992 11061 11105 11246 11433 11509 11401
10809 11239 10719 11143 11269 11482 11405 11410 10990 10817 10854 11176 11320 11149 11284 11539 11559 11613 11493 11240 11139 11414 11295 10992 11061 11105 11246 11433 11509 11401 11408
11239 10719 11143 11269 11482 11405 11410 10990 10817 10854 11176 11320 11149 11284 11539 11559 11613 11493 11240 11139 11414 11295 10992 11061 11105 11246 11433 11509 11401 11408 11124
10719 11143 11269 11482 11405 11410 10990 10817 10854 11176 11320 11149 11284 11539 11559 11613 11493 11240 11139 11414 11295 10992 11061 11105 11246 11433 11509 11401 11408 11124 10733
11143 11269 11482 11405 11410 10990 10817 10854 11176 11320 11149 11284 11539 11559 11613 11493 11240 11139 11414 11295 10992 11061 11105 11246 11433 11509 11401 11408 11124 10733 10771
11269 11482 11405 11410 10990 10817 10854 11176 11320 11149 11284 11539 11559 11613 11493 11240 11139 11414 11295 10992 11061 11105 11246 11433 11509 11401 11408 11124 10733 10771 11043
11482 11405 11410 10990 10817 10854 11176 11320 11149 11284 11539 11559 11613 11493 11240 11139 11414 11295 10992 11061 11105 11246 11433 11509 11401 11408 11124 10733 10771 11043 11190
11405 11410 10990 10817 10854 11176 11320 11149 11284 11539 11559 11613 11493 11240 11139 11414 11295 10992 11061 11105 11246 11433 11509 11401 11408 11124 10733 10771 11043 11190 11010
11410 10990 10817 10854 11176 11320 11149 11284 11539 11559 11613 11493 11240 11139 11414 11295 10992 11061 11105 11246 11433 11509 11401 11408 11124 10733 10771 11043 11190 11010 11153
10990 10817 10854 11176 11320 11149 11284 11539 11559 11613 11493 11240 11139 11414 11295 10992 11061 11105 11246 11433 11509 11401 11408 11124 10733 10771 11043 11190 11010 11153 10913
10817 10854 11176 11320 11149 11284 11539 11559 11613 11493 11240 11139 11414 11295 10992 11061 11105 11246 11433 11509 11401 11408 11124 10733 10771 11043 11190 11010 11153 10913 10655
10854 11176 11320 11149 11284 11539 11559 11613 11493 11240 11139 11414 11295 10992 11061 11105 11246 11433 11509 11401 11408 11124 10733 10771 11043 11190 11010 11153 10913 10655 10808
11176 11320 11149 11284 11539 11559 11613 11493 11240 11139 11414 11295 10992 11061 11105 11246 11433 11509 11401 11408 11124 10733 10771 11043 11190 11010 11153 10913 10655 10808 10939
11320 11149 11284 11539 11559 11613 11493 11240 11139 11414 11295 10992 11061 11105 11246 11433 11509 11401 11408 11124 10733 10771 11043 11190 11010 11153 10913 10655 10808 10939 11123
11149 11284 11539 11559 11613 11493 11240 11139 11414 11295 10992 11061 11105 11246 11433 11509 11401 11408 11124 10733 10771 11043 11190 11010 11153 10913 10655 10808 10939 11123 11103
11284 11539 11559 11613 11493 11240 11139 11414 11295 10992 11061 11105 11246 11433 11509 11401 11408 11124 10733 10771 11043 11190 11010 11153 10913 10655 10808 10939 11123 11103 11433
11539 11559 11613 11493 11240 11139 11414 11295 10992 11061 11105 11246 11433 11509 11401 11408 11124 10733 10771 11043 11190 11010 11153 10913 10655 10808 10939 11123 11103 11433 11416
11559 11613 11493 11240 11139 11414 11295 10992 11061 11105 11246 11433 11509 11401 11408 11124 10733 10771 11043 11190 11010 11153 10913 10655 10808 10939 11123 11103 11433 11416 11518
11613 11493 11240 11139 11414 11295 10992 11061 11105 11246 11433 11509 11401 11408 11124 10733 10771 11043 11190 11010 11153 10913 10655 10808 10939 11123 11103 11433 11416 11518 11478
11493 11240 11139 11414 11295 10992 11061 11105 11246 11433 11509 11401 11408 11124 10733 10771 11043 11190 11010 11153 10913 10655 10808 10939 11123 11103 11433 11416 11518 11478 11644
11240 11139 11414 11295 10992 11061 11105 11246 11433 11509 11401 11408 11124 10733 10771 11043 11190 11010 11153 10913 10655 10808 10939 11123 11103 11433 11416 11518 11478 11644 11397
11139 11414 11295 10992 11061 11105 11246 11433 11509 11401 11408 11124 10733 10771 11043 11190 11010 11153 10913 10655 10808 10939 11123 11103 11433 11416 11518 11478 11644 11397 11577
11414 11295 10992 11061 11105 11246 11433 11509 11401 11408 11124 10733 10771 11043 11190 11010 11153 10913 10655 10808 10939 11123 11103 11433 11416 11518 11478 11644 11397 11577 11504
11295 10992 11061 11105 11246 11433 11509 11401 11408 11124 10733 10771 11043 11190 11010 11153 10913 10655 10808 10939 11123 11103 11433 11416 11518 11478 11644 11397 11577 11504 11541
10992 11061 11105 11246 11433 11509 11401 11408 11124 10733 10771 11043 11190 11010 11153 10913 10655 10808 10939 11123 11103 11433 11416 11518 11478 11644 11397 11577 11504 11541 11808
11061 11105 11246 11433 11509 11401 11408 11124 10733 10771 11043 11190 11010 11153 10913 10655 10808 10939 11123 11103 11433 11416 11518 11478 11644 11397 11577 11504 11541 11808 11913
11105 11246 11433 11509 11401 11408 11124 10733 10771 11043 11190 11010 11153 10913 10655 10808 10939 11123 11103 11433 11416 11518 11478 11644 11397 11577 11504 11541 11808 11913 11706
11246 11433 11509 11401 11408 11124 10733 10771 11043 11190 11010 11153 10913 10655 10808 10939 11123 11103 11433 11416 11518 11478 11644 11397 11577 11504 11541 11808 11913 11706 11869
11433 11509 11401 11408 11124 10733 10771 11043 11190 11010 11153 10913 10655 10808 10939 11123 11103 11433 11416 11518 11478 11644 11397 11577 11504 11541 11808 11913 11706 11869 12208
11509 11401 11408 11124 10733 10771 11043 11190 11010 11153 10913 10655 10808 10939 11123 11103 11433 11416 11518 11478 11644 11397 11577 11504 11541 11808 11913 11706 11869 12208 12231
11401 11408 11124 10733 10771 11043 11190 11010 11153 10913 10655 10808 10939 11123 11103 11433 11416 11518 11478 11644 11397 11577 11504 11541 11808 11913 11706 11869 12208 12231 11955
11408 11124 10733 10771 11043 11190 11010 11153 10913 10655 10808 10939 11123 11103 11433 11416 11518 11478 11644 11397 11577 11504 11541 11808 11913 11706 11869 12208 12231 11955 11657
11124 10733 10771 11043 11190 11010 11153 10913 10655 10808 10939 11123 11103 11433 11416 11518 11478 11644 11397 11577 11504 11541 11808 11913 11706 11869 12208 12231 11955 11657 11836
10733 10771 11043 11190 11010 11153 10913 10655 10808 10939 11123 11103 11433 11416 11518 11478 11644 11397 11577 11504 11541 11808 11913 11706 11869 12208 12231 11955 11657 11836 12044
10771 11043 11190 11010 11153 10913 10655 10808 10939 11123 11103 11433 11416 11518 11478 11644 11397 11577 11504 11541 11808 11913 11706 11869 12208 12231 11955 11657 11836 12044 11983
11043 11190 11010 11153 10913 10655 10808 10939 11123 11103 11433 11416 11518 11478 11644 11397 11577 11504 11541 11808 11913 11706 11869 12208 12231 11955 11657 11836 12044 11983 12068
11190 11010 11153 10913 10655 10808 10939 11123 11103 11433 11416 11518 11478 11644 11397 11577 11504 11541 11808 11913 11706 11869 12208 12231 11955 11657 11836 12044 11983 12068 12170
11010 11153 10913 10655 10808 10939 11123 11103 11433 11416 11518 11478 11644 11397 11577 11504 11541 11808 11913 11706 11869 12208 12231 11955 11657 11836 12044 11983 12068 12170 11780
11153 10913 10655 10808 10939 11123 11103 11433 11416 11518 11478 11644 11397 11577 11504 11541 11808 11913 11706 11869 12208 12231 11955 11657 11836 12044 11983 12068 12170 11780 11893
10913 10655 10808 10939 11123 11103 11433 11416 11518 11478 11644 11397 11577 11504 11541 11808 11913 11706 11869 12208 12231 11955 11657 11836 12044 11983 12068 12170 11780 11893 12153
10655 10808 10939 11123 11103 11433 11416 11518 11478 11644 11397 11577 11504 11541 11808 11913 11706 11869 12208 12231 11955 11657 11836 12044 11983 12068 12170 11780 11893 12153 12078
10808 10939 11123 11103 11433 11416 11518 11478 11644 11397 11577 11504 11541 11808 11913 11706 11869 12208 12231 11955 11657 11836 12044 11983 12068 12170 11780 11893 12153 12078 12096
10939 11123 11103 11433 11416 11518 11478 11644 11397 11577 11504 11541 11808 11913 11706 11869 12208 12231 11955 11657 11836 12044 11983 12068 12170 11780 11893 12153 12078 12096 11905
11123 11103 11433 11416 11518 11478 11644 11397 11577 11504 11541 11808 11913 11706 11869 12208 12231 11955 11657 11836 12044 11983 12068 12170 11780 11893 12153 12078 12096 11905 11770
11103 11433 11416 11518 11478 11644 11397 11577 11504 11541 11808 11913 11706 11869 12208 12231 11955 11657 11836 12044 11983 12068 12170 11780 11893 12153 12078 12096 11905 11770 11796
11433 11416 11518 11478 11644 11397 11577 11504 11541 11808 11913 11706 11869 12208 12231 11955 11657 11836 12044 11983 12068 12170 11780 11893 12153 12078 12096 11905 11770 11796 11547
11416 11518 11478 11644 11397 11577 11504 11541 11808 11913 11706 11869 12208 12231 11955 11657 11836 12044 11983 12068 12170 11780 11893 12153 12078 12096 11905 11770 11796 11547 11493
11518 11478 11644 11397 11577 11504 11541 11808 11913 11706 11869 12208 12231 11955 11657 11836 12044 11983 12068 12170 11780 11893 12153 12078 12096 11905 11770 11796 11547 11493 11257
11478 11644 11397 11577 11504 11541 11808 11913 11706 11869 12208 12231 11955 11657 11836 12044 11983 12068 12170 11780 11893 12153 12078 12096 11905 11770 11796 11547 11493 11257 11231
11644 11397 11577 11504 11541 11808 11913 11706 11869 12208 12231 11955 11657 11836 12044 11983 12068 12170 11780 11893 12153 12078 12096 11905 11770 11796 11547 11493 11257 11231 11523
11397 11577 11504 11541 11808 11913 11706 11869 12208 12231 11955 11657 11836 12044 11983 12068 12170 11780 11893 12153 12078 12096 11905 11770 11796 11547 11493 11257 11231 11523 11555
11577 11504 11541 11808 11913 11706 11869 12208 12231 11955 11657 11836 12044 11983 12068 12170 11780 11893 12153 12078 12096 11905 11770 11796 11547 11493 11257 11231 11523 11555 12045
11504 11541 11808 11913 11706 11869 12208 12231 11955 11657 11836 12044 11983 12068 12170 11780 11893 12153 12078 12096 11905 11770 11796 11547 11493 11257 11231 11523 11555 12045 12020
11541 11808 11913 11706 11869 12208 12231 11955 11657 11836 12044 11983 12068 12170 11780 11893 12153 12078 12096 11905 11770 11796 11547 11493 11257 11231 11523 11555 12045 12020 12019
11808 11913 11706 11869 12208 12231 11955 11657 11836 12044 11983 12068 12170 11780 11893 12153 12078 12096 11905 11770 11796 11547 11493 11257 11231 11523 11555 12045 12020 12019 12097
11913 11706 11869 12208 12231 11955 11657 11836 12044 11983 12068 12170 11780 11893 12153 12078 12096 11905 11770 11796 11547 11493 11257 11231 11523 11555 12045 12020 12019 12097 12150
11706 11869 12208 12231 11955 11657 11836 12044 11983 12068 12170 11780 11893 12153 12078 12096 11905 11770 11796 11547 11493 11257 11231 11523 11555 12045 12020 12019 12097 12150 12196
11869 12208 12231 11955 11657 11836 12044 11983 12068 12170 11780 11893 12153 12078 12096 11905 11770 11796 11547 11493 11257 11231 11523 11555 12045 12020 12019 12097 12150 12196 11997
12208 12231 11955 11657 11836 12044 11983 12068 12170 11780 11893 12153 12078 12096 11905 11770 11796 11547 11493 11257 11231 11523 11555 12045 12020 12019 12097 12150 12196 11997 12184
12231 11955 11657 11836 12044 11983 12068 12170 11780 11893 12153 12078 12096 11905 11770 11796 11547 11493 11257 11231 11523 11555 12045 12020 12019 12097 12150 12196 11997 12184 12021
11955 11657 11836 12044 11983 12068 12170 11780 11893 12153 12078 12096 11905 11770 11796 11547 11493 11257 11231 11523 11555 12045 12020 12019 12097 12150 12196 11997 12184 12021 11954
11657 11836 12044 11983 12068 12170 11780 11893 12153 12078 12096 11905 11770 11796 11547 11493 11257 11231 11523 11555 12045 12020 12019 12097 12150 12196 11997 12184 12021 11954 11823
11836 12044 11983 12068 12170 11780 11893 12153 12078 12096 11905 11770 11796 11547 11493 11257 11231 11523 11555 12045 12020 12019 12097 12150 12196 11997 12184 12021 11954 11823 11868
12044 11983 12068 12170 11780 11893 12153 12078 12096 11905 11770 11796 11547 11493 11257 11231 11523 11555 12045 12020 12019 12097 12150 12196 11997 12184 12021 11954 11823 11868 11866
11983 12068 12170 11780 11893 12153 12078 12096 11905 11770 11796 11547 11493 11257 11231 11523 11555 12045 12020 12019 12097 12150 12196 11997 12184 12021 11954 11823 11868 11866 11766
12068 12170 11780 11893 12153 12078 12096 11905 11770 11796 11547 11493 11257 11231 11523 11555 12045 12020 12019 12097 12150 12196 11997 12184 12021 11954 11823 11868 11866 11766 12103
12170 11780 11893 12153 12078 12096 11905 11770 11796 11547 11493 11257 11231 11523 11555 12045 12020 12019 12097 12150 12196 11997 12184 12021 11954 11823 11868 11866 11766 12103 12107
11780 11893 12153 12078 12096 11905 11770 11796 11547 11493 11257 11231 11523 11555 12045 12020 12019 12097 12150 12196 11997 12184 12021 11954 11823 11868 11866 11766 12103 12107 12169
11893 12153 12078 12096 11905 11770 11796 11547 11493 11257 11231 11523 11555 12045 12020 12019 12097 12150 12196 11997 12184 12021 11954 11823 11868 11866 11766 12103 12107 12169 12294
12153 12078 12096 11905 11770 11796 11547 11493 11257 11231 11523 11555 12045 12020 12019 12097 12150 12196 11997 12184 12021 11954 11823 11868 11866 11766 12103 12107 12169 12294 12291
12078 12096 11905 11770 11796 11547 11493 11257 11231 11523 11555 12045 12020 12019 12097 12150 12196 11997 12184 12021 11954 11823 11868 11866 11766 12103 12107 12169 12294 12291 12151
12096 11905 11770 11796 11547 11493 11257 11231 11523 11555 12045 12020 12019 12097 12150 12196 11997 12184 12021 11954 11823 11868 11866 11766 12103 12107 12169 12294 12291 12151 12287
11905 11770 11796 11547 11493 11257 11231 11523 11555 12045 12020 12019 12097 12150 12196 11997 12184 12021 11954 11823 11868 11866 11766 12103 12107 12169 12294 12291 12151 12287 12217
11770 11796 11547 11493 11257 11231 11523 11555 12045 12020 12019 12097 12150 12196 11997 12184 12021 11954 11823 11868 11866 11766 12103 12107 12169 12294 12291 12151 12287 12217 12397
11796 11547 11493 11257 11231 11523 11555 12045 12020 12019 12097 12150 12196 11997 12184 12021 11954 11823 11868 11866 11766 12103 12107 12169 12294 12291 12151 12287 12217 12397 12418
11547 11493 11257 11231 11523 11555 12045 12020 12019 12097 12150 12196 11997 12184 12021 11954 11823 11868 11866 11766 12103 12107 12169 12294 12291 12151 12287 12217 12397 12418 12415
11493 11257 11231 11523 11555 12045 12020 12019 12097 12150 12196 11997 12184 12021 11954 11823 11868 11866 11766 12103 12107 12169 12294 12291 12151 12287 12217 12397 12418 12415 12359
11257 11231 11523 11555 12045 12020 12019 12097 12150 12196 11997 12184 12021 11954 11823 11868 11866 11766 12103 12107 12169 12294 12291 12151 12287 12217 12397 12418 12415 12359 12392
11231 11523 11555 12045 12020 12019 12097 12150 12196 11997 12184 12021 11954 11823 11868 11866 11766 12103 12107 12169 12294 12291 12151 12287 12217 12397 12418 12415 12359 12392 12462
11523 11555 12045 12020 12019 12097 12150 12196 11997 12184 12021 11954 11823 11868 11866 11766 12103 12107 12169 12294 12291 12151 12287 12217 12397 12418 12415 12359 12392 12462 12449
11555 12045 12020 12019 12097 12150 12196 11997 12184 12021 11954 11823 11868 11866 11766 12103 12107 12169 12294 12291 12151 12287 12217 12397 12418 12415 12359 12392 12462 12449 12471
12045 12020 12019 12097 12150 12196 11997 12184 12021 11954 11823 11868 11866 11766 12103 12107 12169 12294 12291 12151 12287 12217 12397 12418 12415 12359 12392 12462 12449 12471 12422
12020 12019 12097 12150 12196 11997 12184 12021 11954 11823 11868 11866 11766 12103 12107 12169 12294 12291 12151 12287 12217 12397 12418 12415 12359 12392 12462 12449 12471 12422 12482
12019 12097 12150 12196 11997 12184 12021 11954 11823 11868 11866 11766 12103 12107 12169 12294 12291 12151 12287 12217 12397 12418 12415 12359 12392 12462 12449 12471 12422 12482 12578
12097 12150 12196 11997 12184 12021 11954 11823 11868 11866 11766 12103 12107 12169 12294 12291 12151 12287 12217 12397 12418 12415 12359 12392 12462 12449 12471 12422 12482 12578 12623
