11670 11691 11722 11697 11674 11637
11691 11722 11697 11674 11637 11671
11722 11697 11674 11637 11671 11755
11697 11674 11637 11671 11755 11731
11674 11637 11671 11755 11731 11787
11637 11671 11755 11731 11787 11837
11671 11755 11731 11787 11837 11825
11755 11731 11787 11837 11825 11822
11731 11787 11837 11825 11822 11871
11787 11837 11825 11822 11871 11980
11837 11825 11822 11871 11980 11977
11825 11822 11871 11980 11977 11985
11822 11871 11980 11977 11985 11989
11871 11980 11977 11985 11989 11823
11980 11977 11985 11989 11823 11891
11977 11985 11989 11823 11891 12040
11985 11989 11823 11891 12040 12041
11989 11823 11891 12040 12041 12062
11823 11891 12040 12041 12062 12092
11891 12040 12041 12062 12092 12161
12040 12041 12062 12092 12161 12233
12041 12062 12092 12161 12233 12239
12062 12092 12161 12233 12239 12229
12092 12161 12233 12239 12229 12273
12161 12233 12239 12229 12273 12268
12233 12239 12229 12273 12268 12226
12239 12229 12273 12268 12226 12288
12229 12273 12268 12226 12288 12318
12273 12268 12226 12288 12318 12391
12268 12226 12288 12318 12391 12212
12226 12288 12318 12391 12212 12105
12288 12318 12391 12212 12105 12068
12318 12391 12212 12105 12068 12130
12391 12212 12105 12068 12130 12226
12212 12105 12068 12130 12226 12058
12105 12068 12130 12226 12058 12066
12068 12130 12226 12058 12066 12258
12130 12226 12058 12066 12258 12169
12226 12058 12066 12258 12169 12090
12058 12066 12258 12169 12090 12214
12066 12258 12169 12090 12214 12213
12258 12169 12090 12214 12213 11984
12169 12090 12214 12213 11984 12044
12090 12214 12213 11984 12044 11993
12214 12213 11984 12044 11993 11855
12213 11984 12044 11993 11855 11613
11984 12044 11993 11855 11613 11774
12044 11993 11855 11613 11774 11858
11993 11855 11613 11774 11858 12036
11855 11613 11774 11858 12036 12018
11613 11774 11858 12036 12018 12086
11774 11858 12036 12018 12086 12170
11858 12036 12018 12086 12170 12220
12036 12018 12086 12170 12220 12197
12018 12086 12170 12220 12197 12279
12086 12170 12220 12197 12279 12350
12170 12220 12197 12279 12350 12319
12220 12197 12279 12350 12319 12376
12197 12279 12350 12319 12376 12400
12279 12350 12319 12376 12400 12393
12350 12319 12376 12400 12393 12426
12319 12376 12400 12393 12426 12409
12376 12400 12393 12426 12409 12380
12400 12393 12426 12409 12380 12381
12393 12426 12409 12380 12381 12263
12426 12409 12380 12381 12263 12270
12409 12380 12381 12263 12270 12285
12380 12381 12263 12270 12285 12341
12381 12263 12270 12285 12341 12201
12263 12270 12285 12341 12201 12266
12270 12285 12341 12201 12266 12453
12285 12341 12201 12266 12453 12505
12341 12201 12266 12453 12505 12479
12201 12266 12453 12505 12479 12595
12266 12453 12505 12479 12595 12690
12453 12505 12479 12595 12690 12763
12505 12479 12595 12690 12763 12810
12479 12595 12690 12763 12810 12807
12595 12690 12763 12810 12807 12807
12690 12763 12810 12807 12807 12723
12763 12810 12807 12807 12723 12584
12810 12807 12807 12723 12584 12638
12807 12807 12723 12584 12638 12684
12807 12723 12584 12638 12684 12760
12723 12584 12638 12684 12760 12630
12584 12638 12684 12760 12630 12695
12638 12684 12760 12630 12695 12595
12684 12760 12630 12695 12595 12548
12760 12630 12695 12595 12548 12479
12630 12695 12595 12548 12479 12560
12695 12595 12548 12479 12560 12605
12595 12548 12479 12560 12605 12512
12548 12479 12560 12605 12512 12381
12479 12560 12605 12512 12381 12356
12560 12605 12512 12381 12356 12394
12605 12512 12381 12356 12394 12402
12512 12381 12356 12394 12402 12441
12381 12356 12394 12402 12441 12569
12356 12394 12402 12441 12569 12290
12394 12402 12441 12569 12290 12248
12402 12441 12569 12290 12248 12151
12441 12569 12290 12248 12151 12089
12569 12290 12248 12151 12089 12070
12290 12248 12151 12089 12070 12048
12248 12151 12089 12070 12048 12124
12151 12089 12070 12048 12124 11951
12089 12070 12048 12124 11951 11952
12070 12048 12124 11951 11952 12076
12048 12124 11951 11952 12076 11897
12124 11951 11952 12076 11897 11961
11951 11952 12076 11897 11961 12004
11952 12076 11897 11961 12004 12080
12076 11897 11961 12004 12080 12190
11897 11961 12004 12080 12190 12109
11961 12004 12080 12190 12109 12050
12004 12080 12190 12109 12050 11934
12080 12190 12109 12050 11934 12043
12190 12109 12050 11934 12043 12188
12109 12050 11934 12043 12188 12261
12050 11934 12043 12188 12261 12414
11934 12043 12188 12261 12414 12582
12043 12188 12261 12414 12582 12569
12188 12261 12414 12582 12569 12626
12261 12414 12582 12569 12626 12719
12414 12582 12569 12626 12719 12657
12582 12569 12626 12719 12657 12505
12569 12626 12719 12657 12505 12446
12626 12719 12657 12505 12446 12491
12719 12657 12505 12446 12491 12437
12657 12505 12446 12491 12437 12479
12505 12446 12491 12437 12479 12385
12446 12491 12437 12479 12385 12587
12491 12437 12479 12385 12587 12571
12437 12479 12385 12587 12571 12724
12479 12385 12587 12571 12724 12681
12385 12587 12571 12724 12681 12592
12587 12571 12724 12681 12592 12501
12571 12724 12681 12592 12501 12302
12724 12681 12592 12501 12302 12240
12681 12592 12501 12302 12240 12143
12592 12501 12302 12240 12143 12132
12501 12302 12240 12143 12132 11866
12302 12240 12143 12132 11866 11896
12240 12143 12132 11866 11896 11383
12143 12132 11866 11896 11383 11444
12132 11866 11896 11383 11444 10809
11866 11896 11383 11444 10809 11239
11896 11383 11444 10809 11239 10719
11383 11444 10809 11239 10719 11143
11444 10809 11239 10719 11143 11269
10809 11239 10719 11143 11269 11482
11239 10719 11143 11269 11482 11405
10719 11143 11269 11482 11405 11410
11143 11269 11482 11405 11410 10990
